   8.7385938e-02  
   2.5090630e-01  
   1.3521712e-01
   1.4788987e-01
   1.7495775e-01
   1.9435012e-01
   1.8336140e-01
   1.8577912e-01  
   1.9278124e-01  
   2.1082840e-01
   1.4361556e-01
   1.4552780e-01
   1.8547305e-01
   1.9889681e-01  
   2.2031550e-01
   1.5188455e-01
   1.9197631e-01
   2.3166810e-01
   2.8846124e-01
   2.3216615e-01
   2.0284825e-01
   1.3805222e-01  
   2.6953714e-01  
   1.5893774e-01   
   1.5936080e-01   
   1.6983287e-01   
   1.5972721e-01
   1.6657310e-01 
   3.5816520e-01  
   2.1000669e-01   
   2.4557105e-01
   1.4446764e-01 
   1.5436019e-01
   9.9730539e-02
   2.3534980e-01
